\begin{tabular}{lrrrrrrrrr}
\toprule
{} &  samespeaker &  sameepisode &  sametype &  glovesim &  distance &  durationdiff &  sim\_0 &  sim\_1 &  sim\_2 \\
\midrule
samespeaker  &         1.00 &         0.21 &      0.01 &      0.02 &     -0.01 &          0.01 &   0.01 &   0.01 &  -0.00 \\
sameepisode  &         0.21 &         1.00 &      0.02 &      0.02 &     -0.01 &          0.00 &   0.02 &   0.03 &   0.02 \\
sametype     &         0.01 &         0.02 &      1.00 &      0.22 &     -0.48 &         -0.03 &   0.02 &   0.02 &   0.03 \\
glovesim     &         0.02 &         0.02 &      0.22 &      1.00 &     -0.10 &         -0.16 &   0.04 &   0.11 &   0.16 \\
distance     &        -0.01 &        -0.01 &     -0.48 &     -0.10 &      1.00 &          0.00 &  -0.02 &  -0.01 &  -0.00 \\
durationdiff &         0.01 &         0.00 &     -0.03 &     -0.16 &      0.00 &          1.00 &  -0.26 &  -0.45 &  -0.63 \\
sim\_0        &         0.01 &         0.02 &      0.02 &      0.04 &     -0.02 &         -0.26 &   1.00 &   0.27 &   0.27 \\
sim\_1        &         0.01 &         0.03 &      0.02 &      0.11 &     -0.01 &         -0.45 &   0.27 &   1.00 &   0.78 \\
sim\_2        &        -0.00 &         0.02 &      0.03 &      0.16 &     -0.00 &         -0.63 &   0.27 &   0.78 &   1.00 \\
\bottomrule
\end{tabular}
